0 1
0 2
0 3
0 4
0 5
0 6
0 7
0 8
0 9
0 10
0 11
0 12
0 13
0 14
0 15
0 16
0 17
0 18
0 19
0 20
0 67
0 68
0 69
0 70
0 71
0 72
0 73
0 74
0 75
0 76
0 77
0 78
0 79
0 80
1 48
1 53
1 54
1 73
1 88
1 92
1 119
1 126
1 133
1 194
1 236
1 280
1 299
1 315
1 322
1 346
2 20
2 115
2 116
2 149
2 226
2 312
2 326
2 333
2 343
3 9
3 25
3 26
3 67
3 72
3 85
3 122
3 142
3 170
3 188
3 200
3 228
3 274
3 280
3 283
3 323
4 78
4 152
4 181
4 195
4 218
4 273
4 275
4 306
4 328
5 87
5 122
5 156
5 158
5 169
5 180
5 187
5 204
5 213
5 235
5 315
5 316
6 89
6 95
6 147
6 219
6 319
7 22
7 31
7 38
7 65
7 87
7 103
7 129
7 136
7 168
7 213
7 246
7 291
7 304
7 308
7 315
7 322
7 339
7 340
7 347
8 91
8 110
8 193
8 201
8 245
8 259
8 264
9 21
9 25
9 26
9 30
9 56
9 66
9 67
9 69
9 72
9 75
9 79
9 85
9 105
9 113
9 119
9 122
9 128
9 133
9 134
9 141
9 142
9 148
9 156
9 161
9 169
9 170
9 176
9 185
9 186
9 188
9 199
9 200
9 203
9 224
9 231
9 232
9 252
9 258
9 271
9 272
9 276
9 277
9 280
9 285
9 291
9 295
9 297
9 304
9 315
9 322
9 323
9 329
9 334
9 341
9 342
10 67
10 142
10 169
10 200
10 277
10 285
10 291
10 323
10 332
13 21
13 26
13 56
13 59
13 65
13 67
13 82
13 98
13 109
13 118
13 119
13 148
13 172
13 188
13 199
13 211
13 223
13 236
13 238
13 239
13 252
13 261
13 265
13 271
13 277
13 304
13 313
13 325
13 332
13 342
14 20
14 28
14 41
14 115
14 116
14 144
14 149
14 151
14 214
14 226
14 310
14 312
14 326
14 343
16 29
16 82
16 118
16 172
16 261
16 329
16 331
16 332
17 19
17 41
17 111
17 115
17 116
17 137
17 140
17 144
17 214
17 310
17 312
17 326
19 41
19 89
19 112
19 115
19 138
19 174
19 175
19 214
19 227
19 289
19 293
19 312
19 319
19 343
20 41
20 44
20 111
20 115
20 149
20 162
20 214
20 226
20 312
20 326
20 333
20 343