214328887 34428380
17116707 28465635
380580781 18996905
221036078 153460275
107830991 17868918
151338729 222261763
19705747 34428380
222261763 88323281
19933035 149538028
158419434 17434613
149538028 153226312
364971269 153226312
100581193 279787626
113058991 69592091
151338729 187773078
406628822 262802533
460282402 88323281
280935165 437804658
222261763 27633075
285312927 151338729
279787626 131613362
158419434 17675120
394263193 100581193
254839786 88323281
204317520 21548772
67864340 172883064
270449528 297801196
153226312 187773078
67864340 8088112
153226312 17116707
394263193 14925700
124528830 307458983
204317520 160237722
220368467 54228724
206923844 103598216
153226312 380580781
207594668 21146135
451250774 314316607
6581292 314316607
34428380 31331740
196327549 225444667
274153775 35415466
222261763 31331740
279787626 72818790
6581292 151338729
324201646 40981798
153226312 430268163
88097807 153226312
276308596 69592091
100581193 358775055
151338729 15023872
16870853 70492333
100581193 280935165
151338729 107830991
279787626 206923844
314316607 430313102
299715516 35359596
314316607 6581292
276577539 248883350
151338729 67864340
158419434 157829215
107511013 22462180
258140947 200559228
258140947 19493072
123371682 394263193
461410856 31414569
67864340 37699718
67864340 124528830
117901353 117674417
17116707 231238695
56860418 204317520
43003845 314316607
413275344 259842341
358775055 400689940
307458983 274153775
222261763 307458983
69592091 26929220
35148062 43003845
43003845 103598216
299715516 166214735
57490887 40981798
37699718 200559228
148519842 15150609
461410856 17759158
225444667 83943787
283306479 125120339
220068522 35148062
153226312 21548772
155661154 113058991
400689940 17868918
151338729 83943787
72818790 31331740
88097807 248883350
279787626 200559228
276308596 225444667
195475105 380580781
157829215 100581193
134940306 160237722
221036078 22462180
31414569 17434613
134940306 26929220
131613362 276577539
115221382 117674417
195475105 280935165
200559228 368018677
276577539 437804658
439788025 259842341
262340283 116498875
257236842 134940306
220068522 128721580
314316607 131613362
461410856 31331740
463952369 17759158
196327549 8088112
254610699 247741328
226629405 394263193
307458983 364971269
529007327 94621855
70492333 83417972
67864340 380580781
100581193 187773078
166214735 15150609
117901353 116498875
236184723 21548772
31414569 187773078
204317520 197504076
134940306 83943787
86221475 117674417
226629405 166214735
196327549 206923844
6581292 40981798
283306479 31331740
116498875 22462180
56860418 158419434
153226312 280935165
358775055 117674417
274153775 72818790
206923844 31331740
222411742 31331740
17675120 155661154
279787626 155661154
204317520 157829215
31414569 413275344
250178329 103598216
358775055 307458983
285312927 69592091
103598216 270449528
72818790 123371682
172883064 236184723
292598082 22462180
214328887 56860418
113058991 70492333
145845459 67864340
153226312 29911100
145845459 153226312
294752666 27077521
163238842 43003845
529007327 257236842
463952369 259842341
29911100 19493072
16870853 18996905
358775055 133055665
37699718 69592091
279787626 222411742
226629405 238201669
197504076 133055665
72818790 17116707
439788025 134940306
200559228 116498875
248883350 231238695
260769396 22462180
451250774 157829215
225444667 8088112
314316607 187773078
158419434 94621855
288485704 17759158
229425177 17868918
279787626 276308596
100581193 297801196
195475105 292598082
280935165 307458983
196327549 17116707
107830991 40981798
252770012 437804658
26929220 27633075
259842341 149538028
158419434 121533789
236184723 17116707
204317520 203338499
259842341 252770012
262802533 117674417
274153775 151338729
197504076 151338729
213777144 22462180
46209291 46831674
314316607 121533789
226629405 18951737
239144776 22462180
220068522 133055665
134940306 103598216